Input file path: ./data/10_20_40_10000_True
rounds	1	2	3	4	5	6	7	8	9	10	11	12	13	14	15	16	17	18	19	20	21	22	23	24	25	26	27	28	29	30	31	32	33	34	35	36	37	38	39	40	41	42	43	44	45	46	47	48	49	50	
Hinge loss	5442.67954847949	4333.27575474077	3526.418495832334	2805.6295472030843	2216.3270924280578	1717.2168944563757	1316.4008553262888	1171.4036879131197	1172.9959516313734	1173.4643498237554	1176.5364752440612	1190.3422261113562	1174.903426221718	1174.3412115257586	1174.089168688845	1177.0959489636402	1174.7834245304787	1175.6235902505425	1175.155456142825	1173.7874383675528	1174.1188168341116	1173.6350756677039	1173.7616417802392	1173.5740274378693	1173.2705162664938	1173.5565174903593	1173.5563447426146	1174.4582529318882	1173.0547158926618	1173.2713415261671	1176.5719214112926	1172.2967928269486	1173.5067688559107	1172.8103828917585	1173.3923286046327	1172.9907816213508	1172.754080422225	1173.313790635749	1172.7123717181737	1172.744111669681	1172.9255028904997	1172.7196299588948	1172.0182356720156	1172.011252827987	1172.9811281070379	1172.2937469471917	1172.0922927910883	1172.8504524663067	1171.4793790988472	1172.3896973217657	
0-1 loss	2076.0	1229.0	753.0	582.0	580.0	582.0	579.0	573.0	581.0	577.0	579.0	575.0	583.0	582.0	577.0	574.0	574.0	577.0	574.0	582.0	587.0	578.0	583.0	582.0	580.0	579.0	578.0	576.0	577.0	581.0	585.0	580.0	579.0	581.0	579.0	579.0	583.0	584.0	582.0	582.0	580.0	573.0	576.0	579.0	577.0	578.0	578.0	577.0	576.0	580.0	
Input file path: ./data/10_20_80_10000_True
rounds	1	2	3	4	5	6	7	8	9	10	11	12	13	14	15	16	17	18	19	20	21	22	23	24	25	26	27	28	29	30	31	32	33	34	35	36	37	38	39	40	41	42	43	44	45	46	47	48	49	50	
Hinge loss	8666.551509481584	5611.25909440616	3434.433788912756	2342.8073758262326	2346.9286996475116	2380.6844522227125	2348.6824230515203	2354.1918979272823	2351.247180501088	2347.574876735108	2347.270151335407	2347.1480548757404	2347.113034980714	2348.9165058637755	2346.542683052339	2344.5935856538977	2345.620765783516	2345.9815632427017	2346.6275812715016	2345.488223339365	2345.4392599177877	2344.022505655971	2344.5874938943825	2345.7009049326107	2344.7793946435354	2355.4774697846956	2342.0963137352524	2343.9131206283364	2342.0548089445483	2341.3649863755927	2341.3692024067045	2341.2225749515314	2342.2687806385447	2343.874172508359	2341.060243337619	2341.0097300433417	2341.0235352253385	2340.8931678809963	2343.8597485442224	2341.057561930936	2341.549644575193	2339.972444523613	2339.57023921108	2339.8806154134	2339.2802907283685	2339.5528116282617	2341.6708829686695	2339.007798046445	2341.178738222566	2337.856180728352	
0-1 loss	2458.0	1164.0	1164.0	1146.0	1154.0	1150.0	1164.0	1148.0	1154.0	1164.0	1156.0	1164.0	1158.0	1152.0	1162.0	1160.0	1162.0	1158.0	1168.0	1164.0	1146.0	1158.0	1156.0	1154.0	1160.0	1150.0	1142.0	1168.0	1162.0	1170.0	1146.0	1148.0	1150.0	1154.0	1146.0	1162.0	1146.0	1166.0	1174.0	1160.0	1166.0	1158.0	1160.0	1152.0	1162.0	1156.0	1156.0	1158.0	1148.0	1152.0	
Input file path: ./data/10_20_120_10000_True
rounds	1	2	3	4	5	6	7	8	9	10	11	12	13	14	15	16	17	18	19	20	21	22	23	24	25	26	27	28	29	30	31	32	33	34	35	36	37	38	39	40	41	42	43	44	45	46	47	48	49	50	
Hinge loss	10579.255487496841	5151.650683369134	3518.987854894125	3571.026678334056	3522.2675060665383	3526.870770751633	3522.3564505023346	3520.7220823136117	3520.669034227841	3519.814024578504	3520.5203065677324	3518.9723448640525	3518.1371151545163	3518.15888987668	3518.943384321116	3518.5513573989138	3515.2551273152035	3513.144470602873	3512.815620173746	3512.0474795633854	3511.8760799607953	3513.403170957816	3510.8944552696244	3511.514595065011	3512.239918743249	3515.789622816331	3509.2380211776917	3509.958666785414	3510.181162445385	3508.920436092554	3508.7066447654606	3508.511697069668	3514.7132339987943	3508.2420438106806	3507.8058767765883	3506.421517653836	3507.3269379379176	3506.1303829349013	3506.670348488474	3510.2827908900686	3508.2670914077225	3505.1926452008643	3505.1932000764627	3505.8102474183343	3510.5022760512484	3506.3671595709275	3506.7415877297863	3511.3638972924364	3506.317295939088	3503.802005698318	
0-1 loss	2259.0	1746.0	1743.0	1725.0	1731.0	1731.0	1761.0	1746.0	1734.0	1743.0	1737.0	1737.0	1746.0	1719.0	1731.0	1731.0	1725.0	1713.0	1743.0	1755.0	1722.0	1725.0	1746.0	1743.0	1743.0	1761.0	1746.0	1737.0	1737.0	1743.0	1746.0	1737.0	1752.0	1746.0	1746.0	1755.0	1755.0	1728.0	1719.0	1740.0	1728.0	1722.0	1734.0	1743.0	1728.0	1746.0	1731.0	1722.0	1734.0	1731.0	
Input file path: ./data/10_20_160_10000_True
rounds	1	2	3	4	5	6	7	8	9	10	11	12	13	14	15	16	17	18	19	20	21	22	23	24	25	26	27	28	29	30	31	32	33	34	35	36	37	38	39	40	41	42	43	44	45	46	47	48	49	50	
Hinge loss	11222.518188812252	4685.614751652479	4761.368904445405	4708.3837958545655	4695.149753470205	4694.2961097514935	4697.8330117275445	4689.187171307789	4691.963126485407	4690.976446678735	4688.04501131195	4691.4018098652205	4710.954939569393	4687.826241256665	4682.729972751187	4682.445149903065	4687.7483450167265	4682.019460086677	4681.786335761964	4682.115123861869	4679.944889047231	4679.761230826793	4679.105623256524	4678.015596092887	4675.712361456703	4678.954957886728	4675.22869020512	4677.66890164688	4674.85335325013	4680.377054520099	4674.578773099186	4673.869784681466	4674.413663224448	4676.607068962334	4674.586774071664	4681.81852972323	4673.946833462894	4673.384032646624	4671.5320187722255	4673.26093458181	4672.710892522713	4672.80098020915	4673.724535251704	4670.09649567672	4670.4580426506445	4672.822011722467	4670.696508910531	4669.883055720548	4668.586180786521	4668.715997382173	
0-1 loss	2328.0	2292.0	2300.0	2296.0	2328.0	2328.0	2304.0	2320.0	2316.0	2328.0	2316.0	2308.0	2300.0	2336.0	2340.0	2296.0	2308.0	2324.0	2332.0	2320.0	2316.0	2304.0	2312.0	2316.0	2304.0	2312.0	2340.0	2316.0	2304.0	2320.0	2336.0	2324.0	2324.0	2312.0	2340.0	2296.0	2304.0	2324.0	2316.0	2336.0	2280.0	2280.0	2304.0	2324.0	2328.0	2312.0	2328.0	2308.0	2312.0	2348.0	
Input file path: ./data/10_20_200_10000_True
rounds	1	2	3	4	5	6	7	8	9	10	11	12	13	14	15	16	17	18	19	20	21	22	23	24	25	26	27	28	29	30	31	32	33	34	35	36	37	38	39	40	41	42	43	44	45	46	47	48	49	50	
Hinge loss	11081.635462140228	5867.321749118759	5870.445843444213	5868.93719183776	5866.352581332474	5866.35670763082	5866.961643023147	5863.720558348419	5864.905640535192	5861.948486608843	5859.111367234999	5853.412465938991	5853.372706968857	5852.650608344066	5853.733197905408	5852.643904827334	5849.012023806578	5848.200726820909	5850.473388202844	5844.640451820876	5846.343127960989	5844.682133069861	5844.091903683508	5850.471318150125	5841.5361896704335	5842.760536947932	5850.837126752109	5843.233467589571	5841.960985751859	5839.670009497216	5841.876342654704	5841.576168227267	5840.8149101465115	5841.104703893854	5838.319604359336	5838.0725533133145	5838.977270085637	5836.990508699502	5838.076051772439	5835.894996727713	5836.5381542123505	5836.257695934347	5835.576687347784	5840.066485008834	5836.670082236393	5839.662969317866	5835.736929196059	5835.30635678919	5835.234650088171	5834.189447053896	
0-1 loss	2900.0	2885.0	2885.0	2910.0	2900.0	2905.0	2895.0	2910.0	2885.0	2900.0	2910.0	2925.0	2895.0	2865.0	2905.0	2900.0	2895.0	2905.0	2905.0	2880.0	2910.0	2895.0	2895.0	2900.0	2905.0	2900.0	2880.0	2925.0	2905.0	2885.0	2870.0	2920.0	2910.0	2900.0	2900.0	2910.0	2860.0	2905.0	2865.0	2935.0	2890.0	2875.0	2880.0	2885.0	2875.0	2895.0	2910.0	2890.0	2885.0	2885.0	
