Input file path: ./data/10_100_500_50000_False
Perceptron
Correct Times	Error Times	Accuracy	
4696	304	0.9392	
Perceptron w Margin
learnRate	Correct Times	Error Times	Accuracy	
1.5	4696	304	0.9392	
0.25	4842	158	0.9684	
0.03	4917	83	0.9834	
0.005	4948	52	0.9896	
0.001	4580	420	0.916	
Winnow
alpha	Correct Times	Error Times	Accuracy	
1.1	4991	9	0.9982	
1.01	4703	297	0.9406	
1.005	3718	1282	0.7436	
1.0005	2590	2410	0.518	
1.0001	2535	2465	0.507	
Winnow w Margin
gamma	alpha	Correct Times	Error Times	Accuracy	
2.0	1.1	4999	1	0.9998	
2.0	1.01	4797	203	0.9594	
2.0	1.005	3865	1135	0.773	
2.0	1.0005	2597	2403	0.5194	
2.0	1.0001	2547	2453	0.5094	
0.3	1.1	4992	8	0.9984	
0.3	1.01	4730	270	0.946	
0.3	1.005	3731	1269	0.7462	
0.3	1.0005	2593	2407	0.5186	
0.3	1.0001	2536	2464	0.5072	
0.04	1.1	4996	4	0.9992	
0.04	1.01	4704	296	0.9408	
0.04	1.005	3705	1295	0.741	
0.04	1.0005	2591	2409	0.5182	
0.04	1.0001	2534	2466	0.5068	
0.006	1.1	4991	9	0.9982	
0.006	1.01	4712	288	0.9424	
0.006	1.005	3707	1293	0.7414	
0.006	1.0005	2591	2409	0.5182	
0.006	1.0001	2534	2466	0.5068	
0.001	1.1	4991	9	0.9982	
0.001	1.01	4705	295	0.941	
0.001	1.005	3699	1301	0.7398	
0.001	1.0005	2590	2410	0.518	
0.001	1.0001	2535	2465	0.507	
AdaGrad
learnRate	Correct Times	Error Times	Accuracy	
1.5	4909	91	0.9818	
0.25	4931	69	0.9862	
0.03	4186	814	0.8372	
0.005	3029	1971	0.6058	
0.001	2460	2540	0.492	
Input file path: ./data/10_100_1000_50000_False
Perceptron
Correct Times	Error Times	Accuracy	
4783	217	0.9566	
Perceptron w Margin
learnRate	Correct Times	Error Times	Accuracy	
1.5	4783	217	0.9566	
0.25	4735	265	0.947	
0.03	4426	574	0.8852	
0.005	4843	157	0.9686	
0.001	3660	1340	0.732	
Winnow
alpha	Correct Times	Error Times	Accuracy	
1.1	4979	21	0.9958	
1.01	4200	800	0.84	
1.005	3113	1887	0.6226	
1.0005	2622	2378	0.5244	
1.0001	2604	2396	0.5208	
Winnow w Margin
gamma	alpha	Correct Times	Error Times	Accuracy	
2.0	1.1	4993	7	0.9986	
2.0	1.01	4283	717	0.8566	
2.0	1.005	3167	1833	0.6334	
2.0	1.0005	2623	2377	0.5246	
2.0	1.0001	2609	2391	0.5218	
0.3	1.1	4976	24	0.9952	
0.3	1.01	4225	775	0.845	
0.3	1.005	3113	1887	0.6226	
0.3	1.0005	2622	2378	0.5244	
0.3	1.0001	2605	2395	0.521	
0.04	1.1	4979	21	0.9958	
0.04	1.01	4201	799	0.8402	
0.04	1.005	3123	1877	0.6246	
0.04	1.0005	2618	2382	0.5236	
0.04	1.0001	2604	2396	0.5208	
0.006	1.1	4979	21	0.9958	
0.006	1.01	4209	791	0.8418	
0.006	1.005	3104	1896	0.6208	
0.006	1.0005	2616	2384	0.5232	
0.006	1.0001	2604	2396	0.5208	
0.001	1.1	4979	21	0.9958	
0.001	1.01	4201	799	0.8402	
0.001	1.005	3117	1883	0.6234	
0.001	1.0005	2616	2384	0.5232	
0.001	1.0001	2604	2396	0.5208	
AdaGrad
learnRate	Correct Times	Error Times	Accuracy	
1.5	4872	128	0.9744	
0.25	4948	52	0.9896	
0.03	3638	1362	0.7276	
0.005	2936	2064	0.5872	
0.001	2533	2467	0.5066	
