Input file path: ./data/10_20_40_50000_False
Perceptron
Correct Times	Error Times	Accuracy	
4999	1	0.9998	
Perceptron w Margin
learnRate	Correct Times	Error Times	Accuracy	
1.5	4999	1	0.9998	
0.25	5000	0	1.0	
0.03	5000	0	1.0	
0.005	5000	0	1.0	
0.001	4998	2	0.9996	
Winnow
alpha	Correct Times	Error Times	Accuracy	
1.1	4998	2	0.9996	
1.01	4989	11	0.9978	
1.005	4987	13	0.9974	
1.0005	4780	220	0.956	
1.0001	3698	1302	0.7396	
Winnow w Margin
gamma	alpha	Correct Times	Error Times	Accuracy	
2.0	1.1	5000	0	1.0	
2.0	1.01	5000	0	1.0	
2.0	1.005	5000	0	1.0	
2.0	1.0005	4999	1	0.9998	
2.0	1.0001	3753	1247	0.7506	
0.3	1.1	5000	0	1.0	
0.3	1.01	4997	3	0.9994	
0.3	1.005	4992	8	0.9984	
0.3	1.0005	4836	164	0.9672	
0.3	1.0001	3744	1256	0.7488	
0.04	1.1	5000	0	1.0	
0.04	1.01	4988	12	0.9976	
0.04	1.005	4987	13	0.9974	
0.04	1.0005	4794	206	0.9588	
0.04	1.0001	3721	1279	0.7442	
0.006	1.1	5000	0	1.0	
0.006	1.01	4989	11	0.9978	
0.006	1.005	4987	13	0.9974	
0.006	1.0005	4785	215	0.957	
0.006	1.0001	3705	1295	0.741	
0.001	1.1	4998	2	0.9996	
0.001	1.01	4989	11	0.9978	
0.001	1.005	4987	13	0.9974	
0.001	1.0005	4780	220	0.956	
0.001	1.0001	3700	1300	0.74	
AdaGrad
learnRate	Correct Times	Error Times	Accuracy	
1.5	5000	0	1.0	
0.25	5000	0	1.0	
0.03	3756	1244	0.7512	
0.005	2500	2500	0.5	
0.001	2500	2500	0.5	
Input file path: ./data/10_20_80_50000_False
Perceptron
Correct Times	Error Times	Accuracy	
4995	5	0.999	
Perceptron w Margin
learnRate	Correct Times	Error Times	Accuracy	
1.5	4995	5	0.999	
0.25	5000	0	1.0	
0.03	5000	0	1.0	
0.005	5000	0	1.0	
0.001	4723	277	0.9446	
Winnow
alpha	Correct Times	Error Times	Accuracy	
1.1	5000	0	1.0	
1.01	4989	11	0.9978	
1.005	4987	13	0.9974	
1.0005	4459	541	0.8918	
1.0001	3172	1828	0.6344	
Winnow w Margin
gamma	alpha	Correct Times	Error Times	Accuracy	
2.0	1.1	5000	0	1.0	
2.0	1.01	5000	0	1.0	
2.0	1.005	5000	0	1.0	
2.0	1.0005	4757	243	0.9514	
2.0	1.0001	3235	1765	0.647	
0.3	1.1	5000	0	1.0	
0.3	1.01	4992	8	0.9984	
0.3	1.005	4989	11	0.9978	
0.3	1.0005	4503	497	0.9006	
0.3	1.0001	3222	1778	0.6444	
0.04	1.1	4999	1	0.9998	
0.04	1.01	4988	12	0.9976	
0.04	1.005	4988	12	0.9976	
0.04	1.0005	4467	533	0.8934	
0.04	1.0001	3175	1825	0.635	
0.006	1.1	5000	0	1.0	
0.006	1.01	4988	12	0.9976	
0.006	1.005	4987	13	0.9974	
0.006	1.0005	4460	540	0.892	
0.006	1.0001	3173	1827	0.6346	
0.001	1.1	5000	0	1.0	
0.001	1.01	4989	11	0.9978	
0.001	1.005	4986	14	0.9972	
0.001	1.0005	4459	541	0.8918	
0.001	1.0001	3172	1828	0.6344	
AdaGrad
learnRate	Correct Times	Error Times	Accuracy	
1.5	5000	0	1.0	
0.25	5000	0	1.0	
0.03	4106	894	0.8212	
0.005	2550	2450	0.51	
0.001	2531	2469	0.5062	
Input file path: ./data/10_20_120_50000_False
Perceptron
Correct Times	Error Times	Accuracy	
4999	1	0.9998	
Perceptron w Margin
learnRate	Correct Times	Error Times	Accuracy	
1.5	4999	1	0.9998	
0.25	5000	0	1.0	
0.03	5000	0	1.0	
0.005	5000	0	1.0	
0.001	4675	325	0.935	
Winnow
alpha	Correct Times	Error Times	Accuracy	
1.1	4998	2	0.9996	
1.01	4976	24	0.9952	
1.005	4971	29	0.9942	
1.0005	4073	927	0.8146	
1.0001	3003	1997	0.6006	
Winnow w Margin
gamma	alpha	Correct Times	Error Times	Accuracy	
2.0	1.1	5000	0	1.0	
2.0	1.01	4997	3	0.9994	
2.0	1.005	4996	4	0.9992	
2.0	1.0005	4328	672	0.8656	
2.0	1.0001	3027	1973	0.6054	
0.3	1.1	5000	0	1.0	
0.3	1.01	4979	21	0.9958	
0.3	1.005	4974	26	0.9948	
0.3	1.0005	4111	889	0.8222	
0.3	1.0001	3018	1982	0.6036	
0.04	1.1	4999	1	0.9998	
0.04	1.01	4979	21	0.9958	
0.04	1.005	4969	31	0.9938	
0.04	1.0005	4079	921	0.8158	
0.04	1.0001	3007	1993	0.6014	
0.006	1.1	5000	0	1.0	
0.006	1.01	4976	24	0.9952	
0.006	1.005	4968	32	0.9936	
0.006	1.0005	4073	927	0.8146	
0.006	1.0001	3002	1998	0.6004	
0.001	1.1	5000	0	1.0	
0.001	1.01	4976	24	0.9952	
0.001	1.005	4969	31	0.9938	
0.001	1.0005	4073	927	0.8146	
0.001	1.0001	3003	1997	0.6006	
AdaGrad
learnRate	Correct Times	Error Times	Accuracy	
1.5	5000	0	1.0	
0.25	4951	49	0.9902	
0.03	4365	635	0.873	
0.005	2840	2160	0.568	
0.001	2553	2447	0.5106	
Input file path: ./data/10_20_160_50000_False
Perceptron
Correct Times	Error Times	Accuracy	
4997	3	0.9994	
Perceptron w Margin
learnRate	Correct Times	Error Times	Accuracy	
1.5	4997	3	0.9994	
0.25	5000	0	1.0	
0.03	5000	0	1.0	
0.005	5000	0	1.0	
0.001	4757	243	0.9514	
Winnow
alpha	Correct Times	Error Times	Accuracy	
1.1	4999	1	0.9998	
1.01	4975	25	0.995	
1.005	4957	43	0.9914	
1.0005	3752	1248	0.7504	
1.0001	2937	2063	0.5874	
Winnow w Margin
gamma	alpha	Correct Times	Error Times	Accuracy	
2.0	1.1	4998	2	0.9996	
2.0	1.01	4993	7	0.9986	
2.0	1.005	4989	11	0.9978	
2.0	1.0005	3955	1045	0.791	
2.0	1.0001	2934	2066	0.5868	
0.3	1.1	5000	0	1.0	
0.3	1.01	4983	17	0.9966	
0.3	1.005	4965	35	0.993	
0.3	1.0005	3780	1220	0.756	
0.3	1.0001	2943	2057	0.5886	
0.04	1.1	4996	4	0.9992	
0.04	1.01	4974	26	0.9948	
0.04	1.005	4957	43	0.9914	
0.04	1.0005	3756	1244	0.7512	
0.04	1.0001	2935	2065	0.587	
0.006	1.1	4999	1	0.9998	
0.006	1.01	4973	27	0.9946	
0.006	1.005	4958	42	0.9916	
0.006	1.0005	3753	1247	0.7506	
0.006	1.0001	2936	2064	0.5872	
0.001	1.1	4999	1	0.9998	
0.001	1.01	4975	25	0.995	
0.001	1.005	4957	43	0.9914	
0.001	1.0005	3754	1246	0.7508	
0.001	1.0001	2937	2063	0.5874	
AdaGrad
learnRate	Correct Times	Error Times	Accuracy	
1.5	4995	5	0.999	
0.25	4873	127	0.9746	
0.03	4540	460	0.908	
0.005	2814	2186	0.5628	
0.001	2420	2580	0.484	
Input file path: ./data/10_20_200_50000_False
Perceptron
Correct Times	Error Times	Accuracy	
4984	16	0.9968	
Perceptron w Margin
learnRate	Correct Times	Error Times	Accuracy	
1.5	4984	16	0.9968	
0.25	4967	33	0.9934	
0.03	4968	32	0.9936	
0.005	4978	22	0.9956	
0.001	4786	214	0.9572	
Winnow
alpha	Correct Times	Error Times	Accuracy	
1.1	4999	1	0.9998	
1.01	4972	28	0.9944	
1.005	4961	39	0.9922	
1.0005	3704	1296	0.7408	
1.0001	2915	2085	0.583	
Winnow w Margin
gamma	alpha	Correct Times	Error Times	Accuracy	
2.0	1.1	5000	0	1.0	
2.0	1.01	4992	8	0.9984	
2.0	1.005	4985	15	0.997	
2.0	1.0005	3837	1163	0.7674	
2.0	1.0001	2921	2079	0.5842	
0.3	1.1	4999	1	0.9998	
0.3	1.01	4975	25	0.995	
0.3	1.005	4964	36	0.9928	
0.3	1.0005	3736	1264	0.7472	
0.3	1.0001	2916	2084	0.5832	
0.04	1.1	4999	1	0.9998	
0.04	1.01	4970	30	0.994	
0.04	1.005	4960	40	0.992	
0.04	1.0005	3708	1292	0.7416	
0.04	1.0001	2913	2087	0.5826	
0.006	1.1	4999	1	0.9998	
0.006	1.01	4971	29	0.9942	
0.006	1.005	4958	42	0.9916	
0.006	1.0005	3707	1293	0.7414	
0.006	1.0001	2915	2085	0.583	
0.001	1.1	4999	1	0.9998	
0.001	1.01	4972	28	0.9944	
0.001	1.005	4961	39	0.9922	
0.001	1.0005	3705	1295	0.741	
0.001	1.0001	2915	2085	0.583	
AdaGrad
learnRate	Correct Times	Error Times	Accuracy	
1.5	4918	82	0.9836	
0.25	4871	129	0.9742	
0.03	4635	365	0.927	
0.005	3358	1642	0.6716	
0.001	2445	2555	0.489	
