Input file path: ./data/10_100_1000_50000_True
Perceptron
Correct Times	Error Times	Accuracy	
3866	1134	0.7732	
Perceptron w Margin
learnRate	Correct Times	Error Times	Accuracy	
1.5	3866	1134	0.7732	
0.25	3715	1285	0.743	
0.03	4022	978	0.8044	
0.005	4084	916	0.8168	
0.001	3453	1547	0.6906	
Winnow
alpha	Correct Times	Error Times	Accuracy	
1.1	4462	538	0.8924	
1.01	3817	1183	0.7634	
1.005	3020	1980	0.604	
1.0005	2557	2443	0.5114	
1.0001	2537	2463	0.5074	
Winnow w Margin
gamma	alpha	Correct Times	Error Times	Accuracy	
2.0	1.1	4453	547	0.8906	
2.0	1.01	3898	1102	0.7796	
2.0	1.005	3043	1957	0.6086	
2.0	1.0005	2549	2451	0.5098	
2.0	1.0001	2541	2459	0.5082	
0.3	1.1	4448	552	0.8896	
0.3	1.01	3837	1163	0.7674	
0.3	1.005	3024	1976	0.6048	
0.3	1.0005	2556	2444	0.5112	
0.3	1.0001	2538	2462	0.5076	
0.04	1.1	4480	520	0.896	
0.04	1.01	3814	1186	0.7628	
0.04	1.005	3030	1970	0.606	
0.04	1.0005	2558	2442	0.5116	
0.04	1.0001	2537	2463	0.5074	
0.006	1.1	4462	538	0.8924	
0.006	1.01	3803	1197	0.7606	
0.006	1.005	3020	1980	0.604	
0.006	1.0005	2559	2441	0.5118	
0.006	1.0001	2537	2463	0.5074	
0.001	1.1	4462	538	0.8924	
0.001	1.01	3825	1175	0.765	
0.001	1.005	3023	1977	0.6046	
0.001	1.0005	2557	2443	0.5114	
0.001	1.0001	2537	2463	0.5074	
AdaGrad
learnRate	Correct Times	Error Times	Accuracy	
1.5	4253	747	0.8506	
0.25	4426	574	0.8852	
0.03	3453	1547	0.6906	
0.005	2865	2135	0.573	
0.001	2511	2489	0.5022	
Input file path: ./data/10_500_1000_50000_True
Perceptron
Correct Times	Error Times	Accuracy	
3126	1874	0.6252	
Perceptron w Margin
learnRate	Correct Times	Error Times	Accuracy	
1.5	3126	1874	0.6252	
0.25	3199	1801	0.6398	
0.03	3171	1829	0.6342	
0.005	3121	1879	0.6242	
0.001	2753	2247	0.5506	
Winnow
alpha	Correct Times	Error Times	Accuracy	
1.1	3960	1040	0.792	
1.01	2622	2378	0.5244	
1.005	2533	2467	0.5066	
1.0005	2500	2500	0.5	
1.0001	2512	2488	0.5024	
Winnow w Margin
gamma	alpha	Correct Times	Error Times	Accuracy	
2.0	1.1	4020	980	0.804	
2.0	1.01	2644	2356	0.5288	
2.0	1.005	2529	2471	0.5058	
2.0	1.0005	2493	2507	0.4986	
2.0	1.0001	2507	2493	0.5014	
0.3	1.1	3983	1017	0.7966	
0.3	1.01	2598	2402	0.5196	
0.3	1.005	2527	2473	0.5054	
0.3	1.0005	2496	2504	0.4992	
0.3	1.0001	2513	2487	0.5026	
0.04	1.1	3967	1033	0.7934	
0.04	1.01	2618	2382	0.5236	
0.04	1.005	2531	2469	0.5062	
0.04	1.0005	2498	2502	0.4996	
0.04	1.0001	2512	2488	0.5024	
0.006	1.1	3996	1004	0.7992	
0.006	1.01	2607	2393	0.5214	
0.006	1.005	2518	2482	0.5036	
0.006	1.0005	2496	2504	0.4992	
0.006	1.0001	2512	2488	0.5024	
0.001	1.1	3940	1060	0.788	
0.001	1.01	2615	2385	0.523	
0.001	1.005	2528	2472	0.5056	
0.001	1.0005	2500	2500	0.5	
0.001	1.0001	2512	2488	0.5024	
AdaGrad
learnRate	Correct Times	Error Times	Accuracy	
1.5	3861	1139	0.7722	
0.25	3766	1234	0.7532	
0.03	2979	2021	0.5958	
0.005	2688	2312	0.5376	
0.001	2472	2528	0.4944	
Input file path: ./data/10_1000_1000_50000_True
Perceptron
Correct Times	Error Times	Accuracy	
3480	1520	0.696	
Perceptron w Margin
learnRate	Correct Times	Error Times	Accuracy	
1.5	3480	1520	0.696	
0.25	3607	1393	0.7214	
0.03	3605	1395	0.721	
0.005	3093	1907	0.6186	
0.001	2850	2150	0.57	
Winnow
alpha	Correct Times	Error Times	Accuracy	
1.1	3666	1334	0.7332	
1.01	3276	1724	0.6552	
1.005	2537	2463	0.5074	
1.0005	2537	2463	0.5074	
1.0001	2537	2463	0.5074	
Winnow w Margin
gamma	alpha	Correct Times	Error Times	Accuracy	
2.0	1.1	3690	1310	0.738	
2.0	1.01	3285	1715	0.657	
2.0	1.005	2537	2463	0.5074	
2.0	1.0005	2537	2463	0.5074	
2.0	1.0001	2537	2463	0.5074	
0.3	1.1	3683	1317	0.7366	
0.3	1.01	3278	1722	0.6556	
0.3	1.005	2537	2463	0.5074	
0.3	1.0005	2537	2463	0.5074	
0.3	1.0001	2537	2463	0.5074	
0.04	1.1	3676	1324	0.7352	
0.04	1.01	3277	1723	0.6554	
0.04	1.005	2537	2463	0.5074	
0.04	1.0005	2537	2463	0.5074	
0.04	1.0001	2537	2463	0.5074	
0.006	1.1	3685	1315	0.737	
0.006	1.01	3277	1723	0.6554	
0.006	1.005	2537	2463	0.5074	
0.006	1.0005	2537	2463	0.5074	
0.006	1.0001	2537	2463	0.5074	
0.001	1.1	3666	1334	0.7332	
0.001	1.01	3276	1724	0.6552	
0.001	1.005	2537	2463	0.5074	
0.001	1.0005	2537	2463	0.5074	
0.001	1.0001	2537	2463	0.5074	
AdaGrad
learnRate	Correct Times	Error Times	Accuracy	
1.5	3669	1331	0.7338	
0.25	3251	1749	0.6502	
0.03	2701	2299	0.5402	
0.005	2501	2499	0.5002	
0.001	2501	2499	0.5002	
