1 52.25
2 52.375
3 52.75
4 53.875
5 52.625
6 53.0
7 52.875
8 52.625
9 52.875
10 53.0
11 53.0
12 54.0
13 54.5
14 53.375
15 54.25
16 53.125
17 53.625
18 53.625
19 53.125
20 53.25
21 53.125
22 53.25
23 53.625
24 53.625
25 53.375
26 53.875
27 53.75
28 55.5
29 54.375
30 56.5
31 53.5
32 54.125
33 53.125
34 53.375
35 53.375
36 53.5
37 53.875
38 53.375
39 53.25
40 53.75
41 59.375
42 54.25
43 53.125
44 53.5
45 53.75
46 53.75
47 54.75
48 53.375
49 53.625
50 53.75
51 53.625
52 53.375
53 53.125
54 53.375
55 53.25
56 59.75
57 53.75
58 59.25
59 53.25
60 53.375
61 53.625
62 53.375
63 54.0
64 62.0
65 61.0
66 54.125
67 53.375
68 52.875
69 53.25
70 53.875
71 57.25
72 58.25
73 57.125
74 53.5
75 53.375
76 53.625
77 53.375
78 53.5
79 56.5
80 53.625
81 53.5
82 53.25
83 53.25
84 54.875
85 56.375
86 53.375
87 53.25
88 53.25
89 53.625
90 57.25
91 57.0
92 57.0
93 53.75
94 53.875
95 57.75
96 57.375
97 57.375
98 57.5
99 58.125
100 57.5
48.0