1 53.0
2 52.75
3 53.375
4 52.875
5 53.0
6 53.0
7 53.375
8 53.5
9 52.875
10 52.875
11 52.75
12 52.75
13 52.75
14 53.375
15 53.375
16 53.375
17 53.375
18 53.5
19 53.75
20 53.625
21 53.25
22 53.25
23 53.25
24 53.625
25 53.375
26 53.25
27 53.25
28 53.0
29 52.875
30 53.0
31 53.25
32 53.5
33 53.125
34 53.125
35 53.0
36 53.25
37 53.625
38 53.625
39 53.75
40 53.625
41 53.375
42 54.375
43 53.375
44 53.75
45 53.5
46 53.25
47 56.0
48 53.625
49 53.125
50 54.125
51 53.375
52 53.375
53 53.5
54 53.75
55 53.875
56 53.375
57 53.0
58 53.375
59 54.0
60 54.375
61 53.75
62 53.5
63 53.125
64 53.625
65 53.375
66 53.25
67 53.25
68 53.25
69 53.375
70 53.5
71 53.25
72 53.375
73 57.375
74 56.625
75 54.625
76 54.375
77 54.125
78 54.0
79 53.875
80 53.375
81 53.5
82 53.625
83 53.125
84 54.125
85 54.25
86 54.5
87 54.5
88 54.125
89 54.375
90 56.0
91 54.5
92 54.875
93 54.875
94 54.5
95 54.625
96 54.875
97 54.875
98 55.25
99 55.125
100 55.5
44.5