1 53.625
2 55.0
3 53.25
4 52.875
5 50.875
6 53.125
7 53.75
8 54.5
9 53.375
10 55.125
11 57.625
12 53.625
13 53.25
14 53.25
15 53.375
16 56.875
17 53.125
18 53.125
19 58.875
20 53.0
21 53.25
22 53.0
23 54.0
24 52.0
25 53.125
26 62.25
27 59.625
28 53.0
29 53.375
30 62.625
31 53.625
32 53.375
33 55.5
34 60.0
35 61.25
36 58.0
37 53.25
38 58.125
39 57.0
40 58.375
41 53.0
42 53.25
43 53.0
44 53.375
45 55.875
46 55.125
47 56.0
48 55.125
49 56.5
50 57.375
51 55.5
52 55.0
53 56.25
54 55.0
55 55.5
56 55.75
57 55.625
58 56.625
59 55.0
60 55.125
61 55.375
62 59.125
63 56.875
64 58.875
65 55.75
66 56.0
67 55.125
68 54.75
69 55.25
70 55.875
71 55.75
72 55.0
73 55.375
74 55.5
75 56.25
76 56.0
77 56.125
78 55.875
79 57.125
80 58.25
81 56.125
82 58.125
83 56.5
84 57.625
85 58.0
86 57.875
87 59.0
88 56.0
89 56.5
90 56.875
91 59.25
92 60.0
93 60.125
94 60.0
95 59.5
96 59.0
97 59.375
98 60.375
99 62.0
100 61.25
51.5