1 52.625
2 52.375
3 52.375
4 52.75
5 52.75
6 52.875
7 53.0
8 53.125
9 53.0
10 53.125
11 53.0
12 53.0
13 53.125
14 53.125
15 53.0
16 53.0
17 53.0
18 53.0
19 53.0
20 52.875
21 53.0
22 52.875
23 52.75
24 53.0
25 52.875
26 52.875
27 53.0
28 52.875
29 53.0
30 52.875
31 53.0
32 52.875
33 52.875
34 52.75
35 52.75
36 52.75
37 52.75
38 52.75
39 52.75
40 52.75
41 52.875
42 52.875
43 52.875
44 52.875
45 52.875
46 52.875
47 52.875
48 52.875
49 52.875
50 52.875
51 53.0
52 52.875
53 53.0
54 52.875
55 53.0
56 53.0
57 53.0
58 53.125
59 53.0
60 52.875
61 52.875
62 53.0
63 52.875
64 53.0
65 53.125
66 53.0
67 53.125
68 53.125
69 53.0
70 53.0
71 53.125
72 53.0
73 53.0
74 53.0
75 53.0
76 53.125
77 53.0
78 53.0
79 53.0
80 53.0
81 53.125
82 53.125
83 53.125
84 53.0
85 53.125
86 53.125
87 53.125
88 53.125
89 53.125
90 53.125
91 53.25
92 53.125
93 53.25
94 53.125
95 53.25
96 53.25
97 53.125
98 53.25
99 53.25
100 53.125
43.0