1 50.625
2 49.375
3 50.125
4 51.5
5 50.5
6 53.0
7 49.75
8 50.5
9 49.375
10 52.375
11 49.875
12 57.75
13 52.125
14 60.375
15 50.625
16 51.5
17 54.375
18 65.875
19 65.0
20 57.625
21 60.5
22 71.375
23 82.875
24 76.375
25 75.625
26 81.75
27 81.875
28 88.625
29 84.625
30 88.625
31 96.5
32 94.375
33 100.0
34 94.625
35 98.375
36 100.0
37 100.0
38 98.5
39 100.0
40 100.0
41 100.0
42 100.0
43 100.0
44 100.0
45 100.0
46 100.0
47 100.0
48 100.0
49 100.0
50 100.0
51 100.0
52 100.0
53 100.0
54 100.0
55 100.0
56 100.0
57 100.0
58 100.0
59 100.0
60 100.0
61 100.0
62 100.0
63 100.0
64 100.0
65 100.0
66 100.0
67 100.0
68 100.0
69 100.0
70 100.0
71 100.0
72 100.0
73 100.0
74 100.0
75 100.0
76 100.0
77 100.0
78 100.0
79 100.0
80 100.0
81 100.0
82 100.0
83 100.0
84 100.0
85 100.0
86 100.0
87 100.0
88 100.0
89 100.0
90 100.0
91 100.0
92 100.0
93 100.0
94 100.0
95 100.0
96 100.0
97 100.0
98 100.0
99 100.0
100 100.0
100.0