1 52.875
2 53.5
3 54.0
4 55.0
5 55.75
6 56.875
7 57.875
8 57.0
9 58.25
10 60.5
11 57.625
12 58.75
13 54.625
14 54.375
15 54.5
16 55.25
17 54.375
18 54.5
19 54.125
20 54.625
21 55.0
22 54.625
23 54.25
24 54.0
25 54.0
26 54.125
27 54.25
28 53.875
29 64.0
30 54.125
31 54.25
32 54.125
33 60.25
34 57.0
35 60.125
36 61.375
37 59.625
38 59.875
39 59.75
40 60.875
41 59.625
42 59.875
43 59.75
44 58.75
45 59.875
46 60.0
47 61.125
48 61.125
49 61.25
50 61.125
51 60.25
52 61.25
53 61.125
54 60.375
55 61.25
56 60.5
57 61.125
58 60.75
59 59.125
60 59.0
61 61.25
62 60.625
63 61.5
64 61.5
65 61.625
66 59.375
67 59.625
68 60.125
69 59.5
70 60.125
71 60.125
72 60.375
73 60.5
74 61.5
75 61.375
76 61.625
77 62.125
78 62.25
79 62.875
80 61.0
81 63.375
82 64.0
83 65.625
84 65.5
85 66.625
86 66.875
87 68.375
88 70.25
89 70.5
90 71.625
91 72.5
92 73.375
93 73.25
94 75.0
95 74.375
96 76.625
97 77.0
98 77.375
99 76.25
100 78.0
71.5