10_tanh_0.1_10_[100.0, 100.0, 100.0, 100.0, 100.0]100.0
10_tanh_0.1_50_[100.0, 100.0, 100.0, 100.0, 100.0]100.0
10_relu_0.1_10_[100.0, 100.0, 100.0, 100.0, 100.0]100.0
10_relu_0.1_50_[100.0, 100.0, 100.0, 100.0, 100.0]100.0
10_tanh_0.01_10_[56.875, 46.25, 51.25, 53.75, 50.0]51.625
10_tanh_0.01_50_[47.5, 47.5, 52.5, 55.625, 52.5]51.125
10_relu_0.01_10_[100.0, 100.0, 100.0, 100.0, 100.0]100.0
10_relu_0.01_50_[100.0, 100.0, 100.0, 100.0, 100.0]100.0
50_tanh_0.1_10_[56.25, 50.0, 52.5, 55.625, 60.625]55.0
50_tanh_0.1_50_[63.75, 63.75, 53.75, 63.125, 62.5]61.375
50_relu_0.1_10_[100.0, 100.0, 100.0, 100.0, 100.0]100.0
50_relu_0.1_50_[100.0, 100.0, 100.0, 100.0, 100.0]100.0
50_tanh_0.01_10_[48.75, 47.5, 51.875, 51.875, 49.375]49.875
50_tanh_0.01_50_[50.625, 48.125, 48.75, 52.5, 48.75]49.75
50_relu_0.01_10_[58.75, 60.625, 68.125, 64.375, 68.75]64.125
50_relu_0.01_50_[100.0, 83.125, 100.0, 96.875, 96.25]95.25
100_tanh_0.1_10_[58.125, 46.875, 46.25, 50.625, 45.0]49.375
100_tanh_0.1_50_[41.25, 48.125, 54.375, 55.0, 48.125]49.375
100_relu_0.1_10_[100.0, 100.0, 100.0, 100.0, 100.0]100.0
100_relu_0.1_50_[100.0, 100.0, 100.0, 100.0, 100.0]100.0
100_tanh_0.01_10_[53.125, 47.5, 51.875, 52.5, 50.0]51.0
100_tanh_0.01_50_[53.75, 46.25, 47.5, 53.75, 50.0]50.25
100_relu_0.01_10_[53.125, 56.25, 65.0, 62.5, 65.625]60.5
100_relu_0.01_50_[86.25, 64.375, 83.125, 85.0, 83.125]80.375
