10 tanh 0.1 10 96.9782971619
10 tanh 0.1 50 96.9699499165
10 relu 0.1 10 95.9098497496
10 relu 0.1 50 96.1686143573
10 tanh 0.01 10 96.7863105175
10 tanh 0.01 50 96.2520868114
10 relu 0.01 10 96.3188647746
10 relu 0.01 50 96.4190317195
50 tanh 0.1 10 96.8948247078
50 tanh 0.1 50 96.5275459098
50 relu 0.1 10 96.3939899833
50 relu 0.1 50 96.4774624374
50 tanh 0.01 10 96.3188647746
50 tanh 0.01 50 96.143572621
50 relu 0.01 10 96.7195325543
50 relu 0.01 50 96.7028380634
100 tanh 0.1 10 96.7696160267
100 tanh 0.1 50 96.2687813022
100 relu 0.1 10 96.3522537563
100 relu 0.1 50 96.32721202
100 tanh 0.01 10 96.1602671119
100 tanh 0.01 50 96.2020033389
100 relu 0.01 10 96.7111853088
100 relu 0.01 50 96.7278797997